Frequency (Hz)	Level (dB)
43.066406	-62.215633
86.132813	-51.344776
129.199219	-47.542030
172.265625	-44.429497
215.332031	-22.675024
258.398438	-15.641414
301.464844	-20.727257
344.531250	-50.531570
387.597656	-53.207520
430.664063	-56.544762
473.730469	-32.593433
516.796875	-24.575821
559.863281	-28.671448
602.929688	-52.856331
645.996094	-60.949856
689.062500	-61.781200
732.128906	-44.836910
775.195313	-35.235676
818.261719	-38.064747
861.328125	-56.445744
904.394531	-65.070999
947.460938	-62.030933
990.527344	-43.491787
1033.593750	-32.258389
1076.660156	-33.879574
1119.726563	-51.226234
1162.792969	-64.163666
1205.859375	-65.712318
1248.925781	-52.137989
1291.992188	-38.658703
1335.058594	-38.800255
1378.125000	-52.634056
1421.191406	-65.956680
1464.257813	-67.653069
1507.324219	-63.855370
1550.390625	-49.562908
1593.457031	-47.968559
1636.523438	-58.496880
1679.589844	-71.461731
1722.656250	-68.987068
1765.722656	-57.968845
1808.789063	-33.179249
1851.855469	-29.084116
1894.921875	-37.118759
1937.988281	-63.228241
1981.054688	-67.856972
2024.121094	-72.969887
2067.187500	-53.210846
2110.253906	-46.206585
2153.320313	-51.182568
2196.386719	-73.772453
2239.453125	-71.768257
2282.519531	-71.889954
2325.585938	-55.049744
2368.652344	-43.245953
2411.718750	-44.447163
2454.785156	-60.896770
2497.851563	-70.848305
2540.917969	-77.375122
2583.984375	-67.505913
2627.050781	-48.843906
2670.117188	-46.364525
2713.183594	-56.416462
2756.250000	-75.565369
2799.316406	-82.680870
2842.382813	-77.357132
2885.449219	-57.213341
2928.515625	-49.692562
2971.582031	-54.201584
3014.648438	-78.659111
3057.714844	-83.757454
3100.781250	-82.361687
3143.847656	-72.727562
3186.914063	-60.112434
3229.980469	-59.642292
3273.046875	-72.254417
3316.113281	-87.509865
3359.179688	-77.229378
3402.246094	-63.287762
3445.312500	-51.808678
3488.378906	-45.123650
3531.445313	-50.106113
3574.511719	-77.636795
3617.578125	-75.471870
3660.644531	-67.395668
3703.710938	-60.727139
3746.777344	-52.087631
3789.843750	-50.388573
3832.910156	-60.397461
3875.976563	-77.528008
3919.042969	-78.166069
3962.109375	-74.511230
4005.175781	-70.030060
4048.242188	-59.083065
4091.308594	-60.557728
4134.375000	-75.900543
4177.441406	-84.598244
4220.507813	-82.369888
4263.574219	-81.452499
4306.640625	-65.490982
4349.707031	-57.464294
4392.773438	-61.328938
4435.839844	-81.200317
4478.906250	-81.288322
4521.972656	-81.697884
4565.039063	-84.807274
4608.105469	-68.606606
4651.171875	-62.872059
4694.238281	-68.880028
4737.304688	-92.098152
4780.371094	-93.357819
4823.437500	-92.138451
4866.503906	-91.453857
4909.570313	-76.062370
4952.636719	-70.912872
4995.703125	-77.421829
5038.769531	-88.940514
5081.835938	-91.289673
5124.902344	-95.244240
5167.968750	-98.162193
5211.035156	-71.212532
5254.101563	-65.580200
5297.167969	-71.925293
5340.234375	-91.622871
5383.300781	-99.630836
5426.367188	-98.480583
5469.433594	-89.747139
5512.500000	-66.568001
5555.566406	-58.895332
5598.632813	-63.278751
5641.699219	-86.371544
5684.765625	-96.805740
5727.832031	-99.579369
5770.898438	-95.386040
5813.964844	-77.561409
5857.031250	-66.584648
5900.097656	-68.071732
5943.164063	-84.069450
5986.230469	-98.645576
6029.296875	-101.557121
6072.363281	-100.118416
6115.429688	-87.823586
6158.496094	-70.359543
6201.562500	-67.936157
6244.628906	-77.759285
6287.695313	-95.167343
6330.761719	-99.411224
6373.828125	-97.151917
6416.894531	-91.572495
6459.960938	-76.498520
6503.027344	-68.088379
6546.093750	-71.474312
6589.160156	-90.527069
6632.226563	-99.150887
6675.292969	-94.559723
6718.359375	-94.480148
6761.425781	-96.106163
6804.492188	-80.370758
6847.558594	-77.532913
6890.625000	-87.046867
6933.691406	-98.488274
6976.757813	-99.771652
7019.824219	-98.832680
7062.890625	-100.586395
7105.957031	-98.747215
7149.023438	-92.806938
7192.089844	-93.766556
7235.156250	-102.747894
7278.222656	-106.750641
7321.289063	-99.334160
7364.355469	-95.467102
7407.421875	-102.120163
7450.488281	-102.438393
7493.554688	-91.962799
7536.621094	-81.155411
7579.687500	-81.759850
7622.753906	-94.293015
7665.820313	-103.299004
7708.886719	-101.116791
7751.953125	-102.305405
7795.019531	-98.731339
7838.085938	-87.588791
7881.152344	-88.572052
7924.218750	-102.051392
7967.285156	-113.477112
8010.351563	-115.363739
8053.417969	-110.981552
8096.484375	-97.854469
8139.550781	-93.951271
8182.617188	-91.258156
8225.683594	-92.723724
8268.750000	-106.479889
8311.816406	-113.458717
8354.882813	-113.400864
8397.949219	-114.701454
8441.015625	-112.599655
8484.082031	-105.406532
8527.148438	-89.289291
8570.214844	-87.084450
8613.281250	-96.837692
8656.347656	-111.726906
8699.414063	-116.935837
8742.480469	-117.082771
8785.546875	-115.969078
8828.613281	-112.039810
8871.679688	-97.087761
8914.746094	-92.357147
8957.812500	-98.760109
9000.878906	-114.773857
9043.945313	-116.939148
9087.011719	-116.791069
9130.078125	-116.532120
9173.144531	-114.869019
9216.210938	-110.744972
9259.277344	-100.710609
9302.343750	-99.544586
9345.410156	-107.332451
9388.476563	-115.894554
9431.542969	-115.629051
9474.609375	-115.566940
9517.675781	-112.064438
9560.742188	-110.180389
9603.808594	-106.713043
9646.875000	-98.952400
9689.941406	-99.795280
9733.007813	-109.107895
9776.074219	-114.931038
9819.140625	-115.179153
9862.207031	-116.610039
9905.273438	-115.975594
9948.339844	-114.969696
9991.406250	-107.567711
10034.472656	-102.751160
10077.539063	-106.125336
10120.605469	-113.505280
10163.671875	-115.344482
10206.738281	-114.139656
10249.804688	-115.369499
10292.871094	-116.790596
10335.937500	-115.731155
10379.003906	-111.404434
10422.070313	-107.468422
10465.136719	-109.647049
10508.203125	-116.010681
10551.269531	-115.856499
10594.335938	-113.367912
10637.402344	-114.550293
10680.468750	-115.122856
10723.535156	-115.005234
10766.601563	-105.536171
10809.667969	-98.455681
10852.734375	-101.319427
10895.800781	-113.992012
10938.867188	-115.428970
10981.933594	-116.717102
11025.000000	-116.101295
11068.066406	-116.673431
11111.132813	-114.921471
11154.199219	-114.335060
11197.265625	-109.789711
11240.332031	-108.267403
11283.398438	-113.610031
11326.464844	-114.819565
11369.531250	-115.998703
11412.597656	-108.518700
11455.664063	-106.650780
11498.730469	-112.087608
11541.796875	-112.702492
11584.863281	-112.799797
11627.929688	-111.046974
11670.996094	-111.454971
11714.062500	-115.293137
11757.128906	-115.758621
11800.195313	-116.737717
11843.261719	-116.278610
11886.328125	-116.315849
11929.394531	-113.417366
11972.460938	-112.861702
12015.527344	-109.697105
12058.593750	-109.346489
12101.660156	-113.371803
12144.726563	-115.916702
12187.792969	-115.993149
12230.859375	-116.177948
12273.925781	-115.109871
12316.992188	-114.853485
12360.058594	-113.919548
12403.125000	-115.666748
12446.191406	-114.487740
12489.257813	-113.742882
12532.324219	-116.511162
12575.390625	-118.492409
12618.457031	-115.841339
12661.523438	-115.720070
12704.589844	-117.278786
12747.656250	-116.985649
12790.722656	-116.999916
12833.789063	-113.679825
12876.855469	-110.398102
12919.921875	-112.976952
12962.988281	-116.840256
13006.054688	-117.343849
13049.121094	-117.950752
13092.187500	-117.247765
13135.253906	-115.827469
13178.320313	-116.205002
13221.386719	-116.673615
13264.453125	-113.742165
13307.519531	-110.980774
13350.585938	-113.125687
13393.652344	-113.780067
13436.718750	-114.371437
13479.785156	-116.163193
13522.851563	-117.023705
13565.917969	-116.432892
13608.984375	-118.548988
13652.050781	-117.509705
13695.117188	-116.713577
13738.183594	-115.535759
13781.250000	-115.105309
13824.316406	-115.104996
13867.382813	-116.600723
13910.449219	-116.961700
13953.515625	-116.378159
13996.582031	-115.348907
14039.648438	-117.593071
14082.714844	-116.690582
14125.781250	-116.546722
14168.847656	-115.835846
14211.914063	-116.339760
14254.980469	-118.209381
14298.046875	-117.897789
14341.113281	-115.703056
14384.179688	-115.305885
14427.246094	-115.766945
14470.312500	-115.217903
14513.378906	-116.008896
14556.445313	-116.187408
14599.511719	-115.370377
14642.578125	-116.550125
14685.644531	-115.751160
14728.710938	-114.848068
14771.777344	-115.308098
14814.843750	-116.409218
14857.910156	-116.204239
14900.976563	-115.236618
14944.042969	-115.144951
14987.109375	-116.874474
15030.175781	-115.873680
15073.242188	-115.027748
15116.308594	-115.858253
15159.375000	-116.914543
15202.441406	-116.557655
15245.507813	-115.389931
15288.574219	-114.471062
15331.640625	-115.389297
15374.707031	-117.301338
15417.773438	-116.447960
15460.839844	-114.905128
15503.906250	-115.180763
15546.972656	-116.508270
15590.039063	-116.516251
15633.105469	-116.592056
15676.171875	-116.117775
15719.238281	-117.235390
15762.304688	-118.037491
15805.371094	-117.120407
15848.437500	-116.160095
15891.503906	-117.388817
15934.570313	-117.869820
15977.636719	-118.542717
16020.703125	-118.848457
16063.769531	-118.267548
16106.835938	-118.564156
16149.902344	-118.653503
16192.968750	-118.482513
16236.035156	-118.077538
16279.101563	-116.802605
16322.167969	-116.828804
16365.234375	-117.207268
16408.300781	-116.765694
16451.367188	-116.861328
16494.433594	-117.258743
16537.500000	-118.344437
16580.566406	-118.690689
16623.632813	-118.452469
16666.699219	-117.707497
16709.765625	-118.636391
16752.832031	-118.984573
16795.898438	-118.955124
16838.964844	-118.414116
16882.031250	-116.403175
16925.097656	-117.684593
16968.164063	-117.780975
17011.230469	-116.275841
17054.296875	-115.134506
17097.363281	-116.259003
17140.429688	-118.149742
17183.496094	-117.790398
17226.562500	-116.945824
17269.628906	-117.093185
17312.695313	-116.899216
17355.761719	-116.898323
17398.828125	-117.569847
17441.894531	-116.959183
17484.960938	-116.479095
17528.027344	-117.305550
17571.093750	-117.868896
17614.160156	-116.904198
17657.226563	-115.881134
17700.292969	-118.102036
17743.359375	-118.224503
17786.425781	-117.784164
17829.492188	-117.829071
17872.558594	-117.904716
17915.625000	-117.503014
17958.691406	-118.250854
18001.757813	-119.091187
18044.824219	-118.822266
18087.890625	-118.040054
18130.957031	-117.873779
18174.023438	-118.149231
18217.089844	-118.602425
18260.156250	-118.412613
18303.222656	-118.580536
18346.289063	-118.556366
18389.355469	-117.891869
18432.421875	-118.644272
18475.488281	-118.179100
18518.554688	-117.477943
18561.621094	-117.394447
18604.687500	-117.937355
18647.753906	-118.917374
18690.820313	-118.913139
18733.886719	-119.567032
18776.953125	-120.294167
18820.019531	-118.431328
18863.085938	-117.457970
18906.152344	-117.599007
18949.218750	-117.300644
18992.285156	-118.118874
19035.351563	-118.562408
19078.417969	-119.307594
19121.484375	-118.249443
19164.550781	-118.314995
19207.617188	-118.801605
19250.683594	-119.291634
19293.750000	-119.465714
19336.816406	-119.560532
19379.882813	-118.436913
19422.949219	-118.532845
19466.015625	-118.520096
19509.082031	-118.451027
19552.148438	-119.899673
19595.214844	-121.070618
19638.281250	-120.671234
19681.347656	-119.804070
19724.414063	-118.025940
19767.480469	-118.329056
19810.546875	-120.039009
19853.613281	-119.788895
19896.679688	-119.190155
19939.746094	-121.410011
19982.812500	-122.592293
20025.878906	-120.684952
20068.945313	-120.221237
20112.011719	-120.807724
20155.078125	-121.124596
20198.144531	-121.631203
20241.210938	-121.600945
20284.277344	-120.109222
20327.343750	-118.673035
20370.410156	-118.114220
20413.476563	-119.226715
20456.542969	-121.313995
20499.609375	-120.586525
20542.675781	-119.579979
20585.742188	-121.330620
20628.808594	-120.853172
20671.875000	-121.208611
20714.941406	-121.601288
20758.007813	-120.984970
20801.074219	-122.179039
20844.140625	-122.684006
20887.207031	-122.752182
20930.273438	-123.983170
20973.339844	-125.290115
21016.406250	-125.779243
21059.472656	-125.688576
21102.539063	-128.258789
21145.605469	-130.905014
21188.671875	-131.831467
21231.738281	-133.378418
21274.804688	-135.143341
21317.871094	-137.076767
21360.937500	-140.760178
21404.003906	-144.920090
21447.070313	-146.796249
21490.136719	-149.536850
21533.203125	-154.758469
21576.269531	-159.339081
21619.335938	-164.728424
21662.402344	-169.819031
21705.468750	-175.543884
21748.535156	-168.330444
21791.601563	-160.176147
21834.667969	-167.457397
21877.734375	-180.614899
21920.800781	-181.655365
21963.867188	-179.750122
22006.933594	-181.886444
